10 10
 C   +++++
++++++++++
++ +  ++ +
 +++++++++
++++++++ +
 ++ ++++ +
++ +++++++
++++++++++
+++++++++ 
+ ++ ++++D
0
1 11 
2 
3 
4 
5 6 15 
6 7 5 16 
7 8 6 17 
8 9 7 18 
9 8 19 
10 11 20 
11 12 10 1 21 
12 13 11 
13 14 12 23 
14 15 13 
15 16 14 5 
16 17 15 6 26 
17 18 16 7 27 
18 19 17 8 
19 18 9 29 
20 21 10 
21 20 11 31 
22 
23 13 33 
24 
25 
26 27 16 36 
27 26 17 37 
28 
29 19 39 
30 
31 32 21 41 
32 33 31 42 
33 34 32 23 43 
34 35 33 44 
35 36 34 45 
36 37 35 26 46 
37 38 36 27 47 
38 39 37 
39 38 29 49 
40 41 
41 42 40 31 51 
42 43 41 32 52 
43 44 42 33 
44 45 43 34 54 
45 46 44 35 55 
46 47 45 36 56 
47 46 37 57 
48 
49 39 59 
50 
51 52 41 61 
52 51 42 
53 
54 55 44 64 
55 56 54 45 65 
56 57 55 46 66 
57 56 47 67 
58 
59 49 69 
60 61 70 
61 60 51 71 
62 
63 64 73 
64 65 63 54 74 
65 66 64 55 75 
66 67 65 56 76 
67 68 66 57 77 
68 69 67 78 
69 68 59 79 
70 71 60 80 
71 72 70 61 81 
72 73 71 82 
73 74 72 63 83 
74 75 73 64 84 
75 76 74 65 85 
76 77 75 66 86 
77 78 76 67 87 
78 79 77 68 88 
79 78 69 
80 81 70 90 
81 82 80 71 
82 83 81 72 92 
83 84 82 73 93 
84 85 83 74 
85 86 84 75 95 
86 87 85 76 96 
87 88 86 77 97 
88 87 78 98 
89 
90 80 
91 
92 93 82 
93 92 83 
94 
95 96 85 
96 97 95 86 
97 98 96 87 
98 99 97 88 
99 98 
